0 0 0 0.000000 0.000000 0.000000
0 0 1 0.000000 0.000000 0.000000
0 0 2 0.000000 0.000000 0.000000
0 0 3 0.999967 0.999959 0.999947
0 0 4 0.999912 0.998859 0.999777
0 0 5 0.999870 0.997492 0.983665
0 0 6 0.999168 0.993374 0.957169
0 0 7 0.993505 0.999159 0.996094
0 0 8 0.983807 0.993327 0.953038
0 0 9 0.982740 0.997107 0.997843
0 0 10 0.000000 0.000000 0.000000
0 1 0 0.000000 0.000000 0.000000
0 1 1 0.000000 0.000000 0.000000
0 1 2 0.999999 0.999994 0.999594
0 1 3 0.999970 0.993370 0.999692
0 1 4 0.999926 0.993894 0.999965
0 1 5 0.999992 0.999867 0.989705
0 1 6 0.999590 0.999178 0.955271
0 1 7 0.993974 0.999677 0.999859
0 1 8 0.999869 0.956873 0.952988
0 1 9 0.999615 0.999917 0.952986
0 1 10 0.000000 0.000000 0.000000
0 2 0 0.000000 0.000000 0.000000
0 2 1 0.999993 0.993976 0.999394
0 2 2 0.999952 0.999296 0.957301
0 2 3 0.997692 0.957299 0.995620
0 2 4 0.999885 0.999173 0.999397
0 2 5 0.999657 0.999956 0.999753
0 2 6 0.993468 0.995429 0.999389
0 2 7 0.957089 0.979111 0.955687
0 2 8 0.993480 0.999682 0.993783
0 2 9 0.997544 0.983587 0.997637
0 2 10 0.000000 0.000000 0.000000
0 3 0 0.997775 0.999660 0.999991
0 3 1 0.999830 0.997754 0.999970
0 3 2 0.999734 0.999915 0.993533
0 3 3 0.999455 0.999980 0.999308
0 3 4 0.957222 0.999998 0.999937
0 3 5 0.953045 0.999963 0.999331
0 3 6 0.997627 0.998551 0.994892
0 3 7 0.997756 0.989605 0.989703
0 3 8 0.983206 0.957212 0.998994
0 3 9 0.998891 0.993169 0.993919
0 3 10 0.000000 0.000000 0.000000
0 4 0 0.999880 0.989686 0.952621
0 4 1 0.983802 0.999694 0.999728
0 4 2 0.999894 0.999391 0.957309
0 4 3 0.998379 0.996153 0.999380
0 4 4 0.953036 0.983773 0.957304
0 4 5 0.983188 0.979537 0.995424
0 4 6 0.957232 0.999450 0.956244
0 4 7 0.979337 0.999802 0.992931
0 4 8 0.997169 0.956713 0.999222
0 4 9 0.989274 0.979541 0.996742
0 4 10 0.000000 0.000000 0.000000
0 5 0 0.999698 0.999973 0.957033
0 5 1 0.995563 0.999975 0.999530
0 5 2 0.952886 0.995682 0.953048
0 5 3 0.997753 0.998414 0.999947
0 5 4 0.983640 0.999279 0.999189
0 5 5 0.995273 0.957239 0.999447
0 5 6 0.999874 0.997170 0.952617
0 5 7 0.993834 0.953039 0.997758
0 5 8 0.979117 0.979519 0.956868
0 5 9 0.997150 0.996103 0.992311
0 5 10 0.000000 0.000000 0.000000
0 6 0 0.956638 0.989678 0.995188
0 6 1 0.993814 0.993962 0.999600
0 6 2 0.992355 0.999697 0.956706
0 6 3 0.952987 0.999530 0.983522
0 6 4 0.999875 0.998817 0.999380
0 6 5 0.983201 0.957077 0.999937
0 6 6 0.994868 0.956285 0.995427
0 6 7 0.992149 0.993799 0.983422
0 6 8 0.952982 0.999747 0.979476
0 6 9 0.992287 0.955489 0.998368
0 6 10 0.000000 0.000000 0.000000
0 7 0 0.995715 0.995616 0.993963
0 7 1 0.999664 0.956651 0.993369
0 7 2 0.998745 0.999103 0.999175
0 7 3 0.998918 0.989260 0.997006
0 7 4 0.998247 0.983604 0.999233
0 7 5 0.998887 0.999399 0.957158
0 7 6 0.997532 0.999057 0.989260
0 7 7 0.989277 0.955659 0.995516
0 7 8 0.955528 0.983512 0.955493
0 7 9 0.995976 0.982028 0.982014
0 7 10 0.000000 0.000000 0.000000
0 8 0 0.956868 0.999980 0.993899
0 8 1 0.997660 0.999877 0.997531
0 8 2 0.983313 0.993901 0.983148
0 8 3 0.998106 0.957314 0.998513
0 8 4 0.957295 0.994740 0.997536
0 8 5 0.952876 0.953046 0.956653
0 8 6 0.952945 0.993036 0.955263
0 8 7 0.997456 0.957107 0.992291
0 8 8 0.952574 0.952621 0.952578
0 8 9 0.000000 0.000000 0.000000
0 8 10 0.000000 0.000000 0.000000
0 9 0 0.995486 0.999093 0.956802
0 9 1 0.999874 0.999500 0.993938
0 9 2 0.994842 0.953038 0.999893
0 9 3 0.997741 0.982183 0.983622
0 9 4 0.998919 0.956620 0.998717
0 9 5 0.955227 0.982011 0.955493
0 9 6 0.956240 0.956760 0.952945
0 9 7 0.983550 0.983410 0.997372
0 9 8 0.000000 0.000000 0.000000
0 9 9 0.000000 0.000000 0.000000
0 9 10 0.000000 0.000000 0.000000
0 10 0 0.000000 0.000000 0.000000
0 10 1 0.000000 0.000000 0.000000
0 10 2 0.000000 0.000000 0.000000
0 10 3 0.000000 0.000000 0.000000
0 10 4 0.000000 0.000000 0.000000
0 10 5 0.000000 0.000000 0.000000
0 10 6 0.000000 0.000000 0.000000
0 10 7 0.000000 0.000000 0.000000
0 10 8 0.000000 0.000000 0.000000
0 10 9 0.000000 0.000000 0.000000
0 10 10 0.000000 0.000000 0.000000
1 0 0 0.000000 0.000000 0.000000
1 0 1 0.000000 0.000000 0.000000
1 0 2 0.999961 0.999996 0.993976
1 0 3 0.999988 0.999816 0.983739
1 0 4 0.983368 0.979544 0.999624
1 0 5 0.993975 0.999476 0.999936
1 0 6 0.999786 0.999762 0.993783
1 0 7 0.982187 0.999531 0.999961
1 0 8 0.957305 0.998323 0.983546
1 0 9 0.999843 0.998416 0.983298
1 0 10 0.000000 0.000000 0.000000
1 1 0 0.000000 0.000000 0.000000
1 1 1 0.000000 0.000000 0.000000
1 1 2 1.498926 1.498361 1.499870
1 1 3 1.499430 1.392666 1.499629
1 1 4 1.361155 1.392575 1.493104
1 1 5 1.499971 1.495295 1.392042
1 1 6 1.482143 1.499366 1.497184
1 1 7 1.481389 1.485917 1.387591
1 1 8 1.378792 1.390986 1.497207
1 1 9 1.499203 1.483457 1.490752
1 1 10 0.000000 0.000000 0.000000
1 2 0 0.999693 0.999993 0.999180
1 2 1 1.499974 1.493964 1.499180
1 2 2 1.749805 1.499964 1.498190
1 2 3 1.755416 1.498216 1.498358
1 2 4 1.917603 1.497360 1.499974
1 2 5 1.907938 1.499928 1.388210
1 2 6 1.965715 1.499838 1.483709
1 2 7 1.954811 1.480889 1.488924
1 2 8 1.974320 1.482113 1.488387
1 2 9 1.851536 1.491890 1.493908
1 2 10 0.000000 0.000000 0.000000
1 3 0 0.999941 0.999017 0.983808
1 3 1 1.499741 1.498454 1.499818
1 3 2 1.867804 1.499243 1.487763
1 3 3 1.872944 1.497240 1.499641
1 3 4 1.941955 1.494650 1.499013
1 3 5 1.962638 1.499524 1.499113
1 3 6 1.853861 1.485206 1.378400
1 3 7 1.937760 1.390808 1.498552
1 3 8 1.851971 1.452897 1.493319
1 3 9 1.935659 1.392330 1.455477
1 3 10 0.000000 0.000000 0.000000
1 4 0 0.995428 0.979536 0.995685
1 4 1 1.499268 1.488432 1.499849
1 4 2 1.922027 1.499963 1.499365
1 4 3 1.875783 1.389293 1.499882
1 4 4 1.963894 1.499951 1.392579
1 4 5 1.977942 1.498617 1.495404
1 4 6 1.983912 1.390697 1.481930
1 4 7 1.975185 1.392611 1.482834
1 4 8 1.989084 1.391708 1.482634
1 4 9 1.982896 1.443364 1.482771
1 4 10 0.000000 0.000000 0.000000
1 5 0 0.997590 0.957316 0.998569
1 5 1 1.497745 1.486116 1.499772
1 5 2 1.916506 1.481986 1.493011
1 5 3 1.965549 1.390504 1.372877
1 5 4 1.880651 1.391960 1.446009
1 5 5 1.982879 1.499494 1.392212
1 5 6 1.882004 1.499650 1.488649
1 5 7 1.978670 1.494027 1.483340
1 5 8 1.975584 1.493327 1.387324
1 5 9 1.971953 1.455291 1.481016
1 5 10 0.000000 0.000000 0.000000
1 6 0 0.999817 0.999937 0.999855
1 6 1 1.497568 1.497507 1.369083
1 6 2 1.983154 1.392433 1.496041
1 6 3 1.950526 1.497132 1.456835
1 6 4 1.939555 1.481522 1.498472
1 6 5 1.986022 1.456788 1.381909
1 6 6 1.972313 1.392286 1.492902
1 6 7 1.876939 1.471399 1.382073
1 6 8 1.935975 1.443242 1.491323
1 6 9 1.869762 1.437873 1.476874
1 6 10 0.000000 0.000000 0.000000
1 7 0 0.957203 0.997701 0.993371
1 7 1 1.499312 1.482648 1.496250
1 7 2 1.861675 1.493807 1.442790
1 7 3 1.971637 1.449876 1.497641
1 7 4 1.971935 1.494340 1.446052
1 7 5 1.981617 1.497046 1.494367
1 7 6 1.995036 1.370744 1.452541
1 7 7 1.958896 1.387468 1.380787
1 7 8 1.984015 1.491823 1.477611
1 7 9 1.948086 1.358258 1.481045
1 7 10 0.000000 0.000000 0.000000
1 8 0 0.998733 0.998306 0.957148
1 8 1 1.493090 1.499191 1.497729
1 8 2 1.862491 1.498602 1.478887
1 8 3 1.975668 1.392057 1.493882
1 8 4 1.869174 1.451935 1.497741
1 8 5 1.868872 1.496770 1.493018
1 8 6 1.950011 1.378335 1.388812
1 8 7 1.962532 1.361822 1.384074
1 8 8 1.938920 1.454963 1.454159
1 8 9 0.000000 0.000000 0.000000
1 8 10 0.000000 0.000000 0.000000
1 9 0 0.989530 0.955268 0.979497
1 9 1 1.483374 1.379579 1.497493
1 9 2 1.927150 1.482015 1.390033
1 9 3 1.853475 1.485725 1.391485
1 9 4 1.877266 1.492585 1.370237
1 9 5 1.947167 1.496434 1.371177
1 9 6 1.863943 1.378909 1.378356
1 9 7 1.962234 1.370105 1.357109
1 9 8 0.000000 0.000000 0.000000
1 9 9 0.000000 0.000000 0.000000
1 9 10 0.000000 0.000000 0.000000
1 10 0 0.000000 0.000000 0.000000
1 10 1 0.000000 0.000000 0.000000
1 10 2 0.000000 0.000000 0.000000
1 10 3 0.000000 0.000000 0.000000
1 10 4 0.000000 0.000000 0.000000
1 10 5 0.000000 0.000000 0.000000
1 10 6 0.000000 0.000000 0.000000
1 10 7 0.000000 0.000000 0.000000
1 10 8 0.000000 0.000000 0.000000
1 10 9 0.000000 0.000000 0.000000
1 10 10 0.000000 0.000000 0.000000
2 0 0 0.000000 0.000000 0.000000
2 0 1 0.999096 0.993973 0.999681
2 0 2 0.953006 0.999244 0.995304
2 0 3 0.999541 0.994901 0.995286
2 0 4 0.983341 0.999992 0.993886
2 0 5 0.995425 0.997163 0.989700
2 0 6 0.993504 0.956886 0.983741
2 0 7 0.993079 0.999521 0.953026
2 0 8 0.994906 0.983379 0.957174
2 0 9 0.998076 0.952844 0.955688
2 0 10 0.000000 0.000000 0.000000
2 1 0 0.999985 0.999992 0.999822
2 1 1 1.498381 1.499143 1.499748
2 1 2 1.456977 1.733775 1.457309
2 1 3 1.381820 1.874111 1.456579
2 1 4 1.498246 1.873373 1.498307
2 1 5 1.498634 1.944279 1.499799
2 1 6 1.499045 1.911412 1.499848
2 1 7 1.497296 1.954416 1.445697
2 1 8 1.498910 1.971566 1.497247
2 1 9 1.485327 1.944771 1.495310
2 1 10 0.000000 0.000000 0.000000
2 2 0 0.999180 0.999979 0.999823
2 2 1 1.499169 1.497700 1.747657
2 2 2 1.507368 1.749872 1.507732
2 2 3 1.917018 1.910286 1.504380
2 2 4 1.913113 1.931379 1.749915
2 2 5 1.736504 1.850197 1.706385
2 2 6 1.885236 1.975470 1.715629
2 2 7 1.914265 1.660181 1.502505
2 2 8 1.886006 1.721225 1.748032
2 2 9 1.945979 1.982567 1.728609
2 2 10 0.000000 0.000000 0.000000
2 3 0 0.999827 0.994484 0.999835
2 3 1 1.499603 1.454073 1.874188
2 3 2 1.852916 1.749436 1.873194
2 3 3 1.726085 1.949735 1.958740
2 3 4 1.967440 1.937318 1.711133
2 3 5 1.984876 1.981814 1.975006
2 3 6 1.988253 1.985793 1.976167
2 3 7 1.992949 1.750057 1.980320
2 3 8 1.985097 1.736258 1.893049
2 3 9 1.970484 1.974854 1.822361
2 3 10 0.000000 0.000000 0.000000
2 4 0 0.957270 0.997976 0.957174
2 4 1 1.498553 1.391774 1.931482
2 4 2 1.897712 1.749011 1.912198
2 4 3 1.964134 1.917487 1.928815
2 4 4 1.967249 1.733468 1.978212
2 4 5 1.736844 1.987094 1.898104
2 4 6 1.992090 1.983588 1.978742
2 4 7 1.988101 1.974220 1.679464
2 4 8 1.749802 1.959176 1.714732
2 4 9 1.861744 1.975030 1.858788
2 4 10 0.000000 0.000000 0.000000
2 5 0 0.994861 0.956712 0.995717
2 5 1 1.493699 1.499821 1.904718
2 5 2 1.962489 1.724408 1.926093
2 5 3 1.971489 1.748875 1.737699
2 5 4 1.990573 1.869207 1.972503
2 5 5 1.737390 1.940867 1.947447
2 5 6 1.940638 1.726731 1.940571
2 5 7 1.944859 1.979802 1.924332
2 5 8 1.741837 1.671811 1.937709
2 5 9 1.861344 1.852326 1.948195
2 5 10 0.000000 0.000000 0.000000
2 6 0 0.999450 0.999955 0.999973
2 6 1 1.498835 1.482166 1.851170
2 6 2 1.971799 1.747405 1.716439
2 6 3 1.987615 1.912153 1.674482
2 6 4 1.967215 1.966185 1.963671
2 6 5 1.962128 1.872408 1.915786
2 6 6 1.740793 1.976513 1.946248
2 6 7 1.985995 1.744206 1.744561
2 6 8 1.971296 1.733305 1.941792
2 6 9 1.947607 1.970194 1.917546
2 6 10 0.000000 0.000000 0.000000
2 7 0 0.999357 0.993500 0.993751
2 7 1 1.498593 1.391814 1.882470
2 7 2 1.958691 1.748567 1.934363
2 7 3 1.952314 1.888068 1.964595
2 7 4 1.863272 1.980335 1.952078
2 7 5 1.708981 1.692612 1.737323
2 7 6 1.751363 1.915305 1.694295
2 7 7 1.723204 1.927239 1.723254
2 7 8 1.716018 1.708259 1.690148
2 7 9 1.876719 1.851168 1.963453
2 7 10 0.000000 0.000000 0.000000
2 8 0 0.993326 0.999455 0.983038
2 8 1 1.493589 1.441510 1.963449
2 8 2 1.832525 1.506699 1.683034
2 8 3 1.926992 1.827066 1.975128
2 8 4 1.989154 1.683814 1.986342
2 8 5 1.719478 1.689658 1.950117
2 8 6 1.742854 1.954404 1.904793
2 8 7 1.700148 1.666672 1.962899
2 8 8 1.720883 1.731574 1.899819
2 8 9 0.000000 0.000000 0.000000
2 8 10 0.000000 0.000000 0.000000
2 9 0 0.997319 0.997837 0.999661
2 9 1 1.498016 1.467304 1.824107
2 9 2 1.995949 1.704751 1.963700
2 9 3 1.879554 1.993105 1.947934
2 9 4 1.880656 1.854909 1.928600
2 9 5 1.973778 1.921194 1.881576
2 9 6 1.971655 1.860068 1.926111
2 9 7 1.869749 1.849162 1.857736
2 9 8 0.000000 0.000000 0.000000
2 9 9 0.000000 0.000000 0.000000
2 9 10 0.000000 0.000000 0.000000
2 10 0 0.000000 0.000000 0.000000
2 10 1 0.000000 0.000000 0.000000
2 10 2 0.000000 0.000000 0.000000
2 10 3 0.000000 0.000000 0.000000
2 10 4 0.000000 0.000000 0.000000
2 10 5 0.000000 0.000000 0.000000
2 10 6 0.000000 0.000000 0.000000
2 10 7 0.000000 0.000000 0.000000
2 10 8 0.000000 0.000000 0.000000
2 10 9 0.000000 0.000000 0.000000
2 10 10 0.000000 0.000000 0.000000
3 0 0 1.000000 0.993950 0.999988
3 0 1 0.993959 0.983722 0.999534
3 0 2 0.999965 0.998963 0.953040
3 0 3 0.998270 0.956638 0.999955
3 0 4 0.999885 0.983747 0.957262
3 0 5 0.995420 0.999982 0.999134
3 0 6 0.993885 0.999094 0.999532
3 0 7 0.999931 0.982011 0.983044
3 0 8 0.998577 0.953038 0.952886
3 0 9 0.996075 0.998670 0.996738
3 0 10 0.000000 0.000000 0.000000
3 1 0 0.999697 0.999979 0.999963
3 1 1 1.392604 1.499370 1.380404
3 1 2 1.392423 1.860866 1.498630
3 1 3 1.392622 1.874876 1.457093
3 1 4 1.479993 1.965716 1.391139
3 1 5 1.488820 1.841262 1.485937
3 1 6 1.499628 1.816671 1.488719
3 1 7 1.456375 1.988458 1.389015
3 1 8 1.482488 1.978958 1.497978
3 1 9 1.446089 1.966066 1.387462
3 1 10 0.000000 0.000000 0.000000
3 2 0 0.999485 0.999567 0.999876
3 2 1 1.473069 1.499455 1.759649
3 2 2 1.747616 1.936797 1.829461
3 2 3 1.940954 1.818664 1.936789
3 2 4 1.965154 1.982724 1.967440
3 2 5 1.978366 1.989936 1.955133
3 2 6 1.994051 1.979480 1.869188
3 2 7 1.861093 1.969569 1.982383
3 2 8 1.964149 1.946992 1.960378
3 2 9 1.940086 1.972932 1.965690
3 2 10 0.000000 0.000000 0.000000
3 3 0 0.993440 0.997559 0.999949
3 3 1 1.497079 1.486311 1.871507
3 3 2 1.927908 1.938706 1.947097
3 3 3 1.951307 1.958965 1.967987
3 3 4 1.858529 1.960780 1.966500
3 3 5 1.988865 1.973653 1.968798
3 3 6 1.991363 1.719231 1.696100
3 3 7 1.962256 1.992584 1.692731
3 3 8 1.724089 1.740624 1.936549
3 3 9 1.983761 1.945248 1.882203
3 3 10 0.000000 0.000000 0.000000
3 4 0 0.999770 0.997731 0.997671
3 4 1 1.470223 1.388829 1.935364
3 4 2 1.903172 1.935743 1.981333
3 4 3 1.953424 1.978555 1.983096
3 4 4 1.887621 1.950447 1.965330
3 4 5 1.930006 1.992365 1.992337
3 4 6 1.977572 1.872421 1.969543
3 4 7 1.880380 1.863380 1.983214
3 4 8 1.843938 1.882350 1.937592
3 4 9 1.946953 1.952852 1.984277
3 4 10 0.000000 0.000000 0.000000
3 5 0 0.998335 0.997447 0.999926
3 5 1 1.472437 1.499906 1.955031
3 5 2 1.977874 1.684588 1.874442
3 5 3 1.986901 1.986773 1.883896
3 5 4 1.878823 1.918433 1.985469
3 5 5 1.860901 1.959281 1.992121
3 5 6 1.851086 1.933843 1.986065
3 5 7 1.754855 1.973367 1.849133
3 5 8 1.661896 1.674078 1.720896
3 5 9 1.851187 1.964630 1.939723
3 5 10 0.000000 0.000000 0.000000
3 6 0 0.953043 0.993964 0.989700
3 6 1 1.495499 1.498510 1.851744
3 6 2 1.975817 1.696987 1.976112
3 6 3 1.989785 1.873689 1.925555
3 6 4 1.879945 1.926369 1.842896
3 6 5 1.990222 1.743827 1.852699
3 6 6 1.983580 1.890645 1.935735
3 6 7 1.881898 1.941819 1.836266
3 6 8 1.915642 1.921255 1.708100
3 6 9 1.981863 1.848771 1.852439
3 6 10 0.000000 0.000000 0.000000
3 7 0 0.993907 0.998935 0.957211
3 7 1 1.493483 1.452505 1.881810
3 7 2 1.895171 1.687927 1.989555
3 7 3 1.991175 1.839534 1.951049
3 7 4 1.927736 1.878419 1.672571
3 7 5 1.963387 1.976820 1.855575
3 7 6 1.667445 1.868231 1.918457
3 7 7 1.871142 1.856342 1.867357
3 7 8 1.697269 1.907173 1.873573
3 7 9 1.877638 1.834959 1.955793
3 7 10 0.000000 0.000000 0.000000
3 8 0 0.952876 0.993954 0.993499
3 8 1 1.498529 1.391867 1.992630
3 8 2 1.919332 1.844925 1.976672
3 8 3 1.985020 1.890316 1.995674
3 8 4 1.930271 1.727866 1.959727
3 8 5 1.959514 1.945418 1.939204
3 8 6 1.740711 1.876592 1.862926
3 8 7 1.950168 1.836036 1.678031
3 8 8 1.712493 1.666327 1.944524
3 8 9 0.000000 0.000000 0.000000
3 8 10 0.000000 0.000000 0.000000
3 9 0 0.979479 0.995551 0.993872
3 9 1 1.479051 1.495246 1.948314
3 9 2 1.958987 1.982097 1.980642
3 9 3 1.966488 1.987496 1.976451
3 9 4 1.985589 1.989632 1.868729
3 9 5 1.940998 1.969781 1.959344
3 9 6 1.862527 1.942437 1.957826
3 9 7 1.860759 1.955968 1.836731
3 9 8 0.000000 0.000000 0.000000
3 9 9 0.000000 0.000000 0.000000
3 9 10 0.000000 0.000000 0.000000
3 10 0 0.000000 0.000000 0.000000
3 10 1 0.000000 0.000000 0.000000
3 10 2 0.000000 0.000000 0.000000
3 10 3 0.000000 0.000000 0.000000
3 10 4 0.000000 0.000000 0.000000
3 10 5 0.000000 0.000000 0.000000
3 10 6 0.000000 0.000000 0.000000
3 10 7 0.000000 0.000000 0.000000
3 10 8 0.000000 0.000000 0.000000
3 10 9 0.000000 0.000000 0.000000
3 10 10 0.000000 0.000000 0.000000
4 0 0 0.999397 0.999989 0.956888
4 0 1 0.957234 0.993965 0.999889
4 0 2 0.999873 0.999266 0.957247
4 0 3 0.992297 0.995575 0.993373
4 0 4 0.956714 0.993956 0.999801
4 0 5 0.999684 0.999648 0.995458
4 0 6 0.998366 0.983717 0.957083
4 0 7 0.993211 0.995990 0.997487
4 0 8 0.991925 0.952842 0.989627
4 0 9 0.955658 0.993069 0.992190
4 0 10 0.000000 0.000000 0.000000
4 1 0 0.999987 0.999694 0.989647
4 1 1 1.495297 1.499776 1.498902
4 1 2 1.498284 1.890757 1.391034
4 1 3 1.472513 1.962336 1.455847
4 1 4 1.492914 1.969803 1.499632
4 1 5 1.486007 1.991028 1.497993
4 1 6 1.492188 1.973182 1.495131
4 1 7 1.389748 1.990626 1.470252
4 1 8 1.495182 1.979722 1.488980
4 1 9 1.372292 1.967839 1.472247
4 1 10 0.000000 0.000000 0.000000
4 2 0 0.989648 0.997897 0.999309
4 2 1 1.499612 1.492257 1.888169
4 2 2 1.748094 1.932862 1.829982
4 2 3 1.866628 1.981175 1.937416
4 2 4 1.957570 1.974092 1.896196
4 2 5 1.987773 1.974885 1.671612
4 2 6 1.745681 1.949935 1.748473
4 2 7 1.944519 1.963820 1.986057
4 2 8 1.979918 1.927798 1.733604
4 2 9 1.948050 1.845838 1.864537
4 2 10 0.000000 0.000000 0.000000
4 3 0 0.989681 0.956885 0.993894
4 3 1 1.498898 1.492248 1.966633
4 3 2 1.883751 1.957170 1.957094
4 3 3 1.881761 1.947670 1.990521
4 3 4 1.694811 1.984074 1.994100
4 3 5 1.976739 1.742743 1.730700
4 3 6 1.974955 1.952295 1.742005
4 3 7 1.885154 1.934254 1.952874
4 3 8 1.981160 1.940518 1.960024
4 3 9 1.963208 1.853740 1.938989
4 3 10 0.000000 0.000000 0.000000
4 4 0 0.999968 0.993812 0.989708
4 4 1 1.483356 1.498735 1.977393
4 4 2 1.723624 1.976816 1.966725
4 4 3 1.853269 1.744789 1.734919
4 4 4 1.936228 1.882808 1.986928
4 4 5 1.970280 1.917391 1.944479
4 4 6 1.879342 1.992448 1.994084
4 4 7 1.721872 1.966050 1.731452
4 4 8 1.825647 1.743059 1.750792
4 4 9 1.870786 1.854328 1.973033
4 4 10 0.000000 0.000000 0.000000
4 5 0 0.999451 0.999659 0.999175
4 5 1 1.492328 1.469813 1.979843
4 5 2 1.987005 1.676837 1.991735
4 5 3 1.976858 1.944396 1.987995
4 5 4 1.996162 1.995003 1.988091
4 5 5 1.968648 1.721667 1.744636
4 5 6 1.916445 1.984340 1.950012
4 5 7 1.948799 1.873740 1.690467
4 5 8 1.949610 1.721950 1.984494
4 5 9 1.879855 1.843809 1.880465
4 5 10 0.000000 0.000000 0.000000
4 6 0 0.955692 0.983792 0.997317
4 6 1 1.492659 1.391795 1.870354
4 6 2 1.981772 1.831914 1.991988
4 6 3 1.840868 1.983348 1.871346
4 6 4 1.934920 1.945060 1.983000
4 6 5 1.855423 1.871785 1.856763
4 6 6 1.954419 1.939072 1.694096
4 6 7 1.686131 1.822857 1.928579
4 6 8 1.969451 1.675077 1.868074
4 6 9 1.958271 1.929859 1.861835
4 6 10 0.000000 0.000000 0.000000
4 7 0 0.957290 0.993760 0.997125
4 7 1 1.455664 1.469192 1.982730
4 7 2 1.751001 1.989549 1.976542
4 7 3 1.837438 1.972504 1.959784
4 7 4 1.995309 1.970798 1.742186
4 7 5 1.964656 1.858667 1.970239
4 7 6 1.916203 1.911792 1.937207
4 7 7 1.857036 1.922127 1.963321
4 7 8 1.965300 1.699033 1.746787
4 7 9 1.947256 1.945840 1.959222
4 7 10 0.000000 0.000000 0.000000
4 8 0 0.957222 0.993284 0.992903
4 8 1 1.494798 1.486499 1.940745
4 8 2 1.954759 1.962159 1.730105
4 8 3 1.942462 1.987075 1.973000
4 8 4 1.904706 1.983261 1.730199
4 8 5 1.906038 1.749697 1.826060
4 8 6 1.711386 1.935438 1.698066
4 8 7 1.700212 1.710133 1.819600
4 8 8 1.703934 1.904398 1.728728
4 8 9 0.000000 0.000000 0.000000
4 8 10 0.000000 0.000000 0.000000
4 9 0 0.956657 0.993211 0.997389
4 9 1 1.392062 1.492532 1.876124
4 9 2 1.978258 1.969722 1.976460
4 9 3 1.977339 1.981081 1.987310
4 9 4 1.878635 1.976099 1.959426
4 9 5 1.863952 1.974383 1.938484
4 9 6 1.864416 1.937723 1.965177
4 9 7 1.842120 1.869376 1.960561
4 9 8 0.000000 0.000000 0.000000
4 9 9 0.000000 0.000000 0.000000
4 9 10 0.000000 0.000000 0.000000
4 10 0 0.000000 0.000000 0.000000
4 10 1 0.000000 0.000000 0.000000
4 10 2 0.000000 0.000000 0.000000
4 10 3 0.000000 0.000000 0.000000
4 10 4 0.000000 0.000000 0.000000
4 10 5 0.000000 0.000000 0.000000
4 10 6 0.000000 0.000000 0.000000
4 10 7 0.000000 0.000000 0.000000
4 10 8 0.000000 0.000000 0.000000
4 10 9 0.000000 0.000000 0.000000
4 10 10 0.000000 0.000000 0.000000
5 0 0 0.995721 0.989275 0.995425
5 0 1 0.999963 0.983810 0.989684
5 0 2 0.998930 0.999712 0.989546
5 0 3 0.999313 0.997769 0.997687
5 0 4 0.955698 0.956887 0.999213
5 0 5 0.997517 0.998227 0.983785
5 0 6 0.957241 0.997356 0.989685
5 0 7 0.993302 0.998724 0.995511
5 0 8 0.995326 0.982736 0.952983
5 0 9 0.997536 0.955224 0.997370
5 0 10 0.000000 0.000000 0.000000
5 1 0 0.994483 0.999867 0.999959
5 1 1 1.499492 1.379587 1.389194
5 1 2 1.499790 1.956404 1.453341
5 1 3 1.498657 1.932935 1.483161
5 1 4 1.499779 1.988081 1.499444
5 1 5 1.491295 1.985494 1.392215
5 1 6 1.469584 1.985603 1.481479
5 1 7 1.499060 1.964723 1.468636
5 1 8 1.479663 1.991924 1.383768
5 1 9 1.482565 1.980024 1.488826
5 1 10 0.000000 0.000000 0.000000
5 2 0 0.957048 0.999763 0.999988
5 2 1 1.499949 1.470283 1.901505
5 2 2 1.746470 1.982999 1.927176
5 2 3 1.872915 1.868909 1.959226
5 2 4 1.993048 1.752593 1.989710
5 2 5 1.961480 1.994168 1.974938
5 2 6 1.991629 1.739654 1.977645
5 2 7 1.723151 1.920311 1.985190
5 2 8 1.957240 1.733199 1.913058
5 2 9 1.955620 1.866016 1.965446
5 2 10 0.000000 0.000000 0.000000
5 3 0 0.979540 0.999591 0.993911
5 3 1 1.391932 1.483788 1.959259
5 3 2 1.985261 1.944796 1.854477
5 3 3 1.877120 1.966183 1.980801
5 3 4 1.888888 1.865101 1.995529
5 3 5 1.987355 1.951366 1.872597
5 3 6 1.977343 1.935927 1.874483
5 3 7 1.920401 1.862193 1.711038
5 3 8 1.950366 1.957818 1.839651
5 3 9 1.940769 1.850217 1.863907
5 3 10 0.000000 0.000000 0.000000
5 4 0 0.994888 0.997770 0.981989
5 4 1 1.497286 1.498371 1.978626
5 4 2 1.972183 1.960824 1.995231
5 4 3 1.989165 1.969269 1.996901
5 4 4 1.993086 1.949732 1.945989
5 4 5 1.944927 1.865855 1.980649
5 4 6 1.984422 1.854191 1.937628
5 4 7 1.743305 1.950600 1.877948
5 4 8 1.957988 1.744444 1.869937
5 4 9 1.920956 1.941176 1.883889
5 4 10 0.000000 0.000000 0.000000
5 5 0 0.997759 0.953046 0.993421
5 5 1 1.497771 1.444933 1.986309
5 5 2 1.899408 1.927762 1.916309
5 5 3 1.976120 1.749836 1.740473
5 5 4 1.977436 1.946237 1.839598
5 5 5 1.964842 1.835300 1.966604
5 5 6 1.850370 1.856286 1.835157
5 5 7 1.856655 1.716491 1.677855
5 5 8 1.949816 1.848757 1.916590
5 5 9 1.913922 1.966718 1.975982
5 5 10 0.000000 0.000000 0.000000
5 6 0 0.997542 0.999147 0.997107
5 6 1 1.477385 1.471204 1.995704
5 6 2 1.750489 1.883749 1.944835
5 6 3 1.995079 1.963655 1.989350
5 6 4 1.982715 1.753618 1.954784
5 6 5 1.981977 1.992047 1.946742
5 6 6 1.699726 1.927376 1.951501
5 6 7 1.932086 1.837828 1.988162
5 6 8 1.873722 1.849943 1.671341
5 6 9 1.953749 1.934693 1.943297
5 6 10 0.000000 0.000000 0.000000
5 7 0 0.997447 0.983575 0.998224
5 7 1 1.491704 1.469725 1.972309
5 7 2 1.977265 1.722701 1.845290
5 7 3 1.883386 1.957191 1.919625
5 7 4 1.715824 1.965525 1.957408
5 7 5 1.865932 1.966421 1.865052
5 7 6 1.697213 1.817737 1.848432
5 7 7 1.826517 1.947235 1.718644
5 7 8 1.663266 1.642643 1.910387
5 7 9 1.850961 1.833754 1.866976
5 7 10 0.000000 0.000000 0.000000
5 8 0 0.999723 0.995383 0.957211
5 8 1 1.387891 1.391297 1.981245
5 8 2 1.962223 1.670467 1.938017
5 8 3 1.855388 1.973960 1.920524
5 8 4 1.873501 1.986986 1.696175
5 8 5 1.671308 1.938445 1.849398
5 8 6 1.826326 1.917907 1.712741
5 8 7 1.942252 1.871022 1.724211
5 8 8 1.687690 1.713527 1.912040
5 8 9 0.000000 0.000000 0.000000
5 8 10 0.000000 0.000000 0.000000
5 9 0 0.997484 0.953010 0.993428
5 9 1 1.485680 1.491549 1.910854
5 9 2 1.880380 1.956670 1.979965
5 9 3 1.973227 1.944484 1.867560
5 9 4 1.928878 1.983049 1.886607
5 9 5 1.925558 1.940257 1.850046
5 9 6 1.916061 1.868785 1.831264
5 9 7 1.839612 1.850954 1.835492
5 9 8 0.000000 0.000000 0.000000
5 9 9 0.000000 0.000000 0.000000
5 9 10 0.000000 0.000000 0.000000
5 10 0 0.000000 0.000000 0.000000
5 10 1 0.000000 0.000000 0.000000
5 10 2 0.000000 0.000000 0.000000
5 10 3 0.000000 0.000000 0.000000
5 10 4 0.000000 0.000000 0.000000
5 10 5 0.000000 0.000000 0.000000
5 10 6 0.000000 0.000000 0.000000
5 10 7 0.000000 0.000000 0.000000
5 10 8 0.000000 0.000000 0.000000
5 10 9 0.000000 0.000000 0.000000
5 10 10 0.000000 0.000000 0.000000
6 0 0 0.999941 0.989701 0.999881
6 0 1 0.999156 0.999932 0.999791
6 0 2 0.995707 0.999310 0.957232
6 0 3 0.999887 0.999354 0.993732
6 0 4 0.983199 0.997714 0.997684
6 0 5 0.993517 0.953019 0.993591
6 0 6 0.999886 0.956550 0.999489
6 0 7 0.999194 0.989541 0.983260
6 0 8 0.994845 0.998896 0.993458
6 0 9 0.952620 0.956925 0.952578
6 0 10 0.000000 0.000000 0.000000
6 1 0 0.998380 0.999086 0.999971
6 1 1 1.487839 1.499631 1.489002
6 1 2 1.489228 1.963831 1.498222
6 1 3 1.499880 1.987599 1.483471
6 1 4 1.497564 1.935668 1.495853
6 1 5 1.496778 1.991312 1.482222
6 1 6 1.391320 1.991981 1.486664
6 1 7 1.490952 1.944762 1.485065
6 1 8 1.378686 1.978411 1.491430
6 1 9 1.492097 1.963511 1.491013
6 1 10 0.000000 0.000000 0.000000
6 2 0 0.999432 0.957230 0.982155
6 2 1 1.493600 1.488921 1.974496
6 2 2 1.723484 1.962716 1.922862
6 2 3 1.947400 1.976313 1.993621
6 2 4 1.990850 1.979731 1.988606
6 2 5 1.980544 1.991107 1.974848
6 2 6 1.831218 1.952117 1.914992
6 2 7 1.963843 1.885653 1.742897
6 2 8 1.677790 1.912455 1.971156
6 2 9 1.991089 1.915004 1.972780
6 2 10 0.000000 0.000000 0.000000
6 3 0 0.999175 0.995651 0.996152
6 3 1 1.498070 1.391950 1.982443
6 3 2 1.877890 1.983202 1.951221
6 3 3 1.828084 1.984438 1.995223
6 3 4 1.741045 1.941560 1.979728
6 3 5 1.965100 1.890033 1.951856
6 3 6 1.888721 1.975664 1.879519
6 3 7 1.849399 1.976006 1.739802
6 3 8 1.950147 1.905532 1.941146
6 3 9 1.926481 1.935308 1.952952
6 3 10 0.000000 0.000000 0.000000
6 4 0 0.999697 0.993352 0.997755
6 4 1 1.484749 1.392121 1.882744
6 4 2 1.691589 1.966816 1.717911
6 4 3 1.980798 1.950322 1.731391
6 4 4 1.705750 1.983035 1.861651
6 4 5 1.909709 1.941823 1.938452
6 4 6 1.679663 1.871631 1.662412
6 4 7 1.729218 1.662240 1.933992
6 4 8 1.727876 1.949576 1.859527
6 4 9 1.865552 1.974200 1.927086
6 4 10 0.000000 0.000000 0.000000
6 5 0 0.995421 0.997928 0.993884
6 5 1 1.390411 1.497181 1.986373
6 5 2 1.971084 1.993313 1.995389
6 5 3 1.748611 1.988358 1.991999
6 5 4 1.996548 1.878470 1.953286
6 5 5 1.715715 1.980527 1.744826
6 5 6 1.961240 1.990120 1.845908
6 5 7 1.935522 1.863034 1.736158
6 5 8 1.865612 1.965450 1.836595
6 5 9 1.845634 1.858131 1.860985
6 5 10 0.000000 0.000000 0.000000
6 6 0 0.997134 0.995247 0.982782
6 6 1 1.494401 1.492281 1.976915
6 6 2 1.739485 1.937916 1.752820
6 6 3 1.914514 1.743808 1.932937
6 6 4 1.906685 1.846542 1.740198
6 6 5 1.731081 1.967471 1.665631
6 6 6 1.923564 1.735522 1.849429
6 6 7 1.865638 1.867018 1.835919
6 6 8 1.930868 1.824187 1.939899
6 6 9 1.922159 1.837862 1.875047
6 6 10 0.000000 0.000000 0.000000
6 7 0 0.993688 0.992250 0.956546
6 7 1 1.497808 1.499613 1.932963
6 7 2 1.904575 1.741171 1.919183
6 7 3 1.904166 1.861503 1.970353
6 7 4 1.689322 1.719586 1.855065
6 7 5 1.735902 1.961275 1.902508
6 7 6 1.980363 1.701751 1.972033
6 7 7 1.729557 1.707582 1.671529
6 7 8 1.646210 1.897889 1.920252
6 7 9 1.838815 1.837435 1.852457
6 7 10 0.000000 0.000000 0.000000
6 8 0 0.989682 0.993344 0.994474
6 8 1 1.442562 1.491819 1.979964
6 8 2 1.697933 1.927086 1.958567
6 8 3 1.862179 1.744891 1.909374
6 8 4 1.660300 1.945389 1.935322
6 8 5 1.934180 1.960903 1.659495
6 8 6 1.655431 1.837321 1.724464
6 8 7 1.694949 1.692039 1.645346
6 8 8 1.649256 1.656571 1.664551
6 8 9 0.000000 0.000000 0.000000
6 8 10 0.000000 0.000000 0.000000
6 9 0 0.952842 0.955226 0.998372
6 9 1 1.452142 1.380561 1.854900
6 9 2 1.845354 1.937458 1.867555
6 9 3 1.922921 1.961579 1.874767
6 9 4 1.852280 1.934355 1.937713
6 9 5 1.919329 1.862105 1.839028
6 9 6 1.844492 1.857313 1.922454
6 9 7 1.839009 1.865961 1.845781
6 9 8 0.000000 0.000000 0.000000
6 9 9 0.000000 0.000000 0.000000
6 9 10 0.000000 0.000000 0.000000
6 10 0 0.000000 0.000000 0.000000
6 10 1 0.000000 0.000000 0.000000
6 10 2 0.000000 0.000000 0.000000
6 10 3 0.000000 0.000000 0.000000
6 10 4 0.000000 0.000000 0.000000
6 10 5 0.000000 0.000000 0.000000
6 10 6 0.000000 0.000000 0.000000
6 10 7 0.000000 0.000000 0.000000
6 10 8 0.000000 0.000000 0.000000
6 10 9 0.000000 0.000000 0.000000
6 10 10 0.000000 0.000000 0.000000
7 0 0 0.999881 0.953039 0.999645
7 0 1 0.998560 0.999170 0.995992
7 0 2 0.995556 0.993929 0.999968
7 0 3 0.999756 0.993973 0.999148
7 0 4 0.983702 0.997610 0.996094
7 0 5 0.998338 0.993549 0.952618
7 0 6 0.994744 0.997389 0.993309
7 0 7 0.994956 0.955692 0.993297
7 0 8 0.994958 0.993059 0.982740
7 0 9 0.982014 0.982154 0.982014
7 0 10 0.000000 0.000000 0.000000
7 1 0 0.999348 0.997683 0.983760
7 1 1 1.495618 1.487969 1.485369
7 1 2 1.492493 1.980628 1.483657
7 1 3 1.392631 1.985501 1.456927
7 1 4 1.494115 1.986559 1.470768
7 1 5 1.456996 1.877853 1.391151
7 1 6 1.480785 1.952401 1.496881
7 1 7 1.469520 1.848285 1.488276
7 1 8 1.439068 1.946536 1.362233
7 1 9 1.384342 1.854909 1.359283
7 1 10 0.000000 0.000000 0.000000
7 2 0 0.993951 0.995714 0.994901
7 2 1 1.454404 1.498533 1.965431
7 2 2 1.742067 1.937865 1.725195
7 2 3 1.717554 1.745198 1.987649
7 2 4 1.981425 1.975444 1.942329
7 2 5 1.920687 1.925108 1.994449
7 2 6 1.718357 1.850515 1.719203
7 2 7 1.717072 1.962777 1.953280
7 2 8 1.690528 1.732238 1.963672
7 2 9 1.853044 1.883543 1.871621
7 2 10 0.000000 0.000000 0.000000
7 3 0 0.956805 0.955694 0.995729
7 3 1 1.390825 1.499034 1.926681
7 3 2 1.739864 1.678860 1.991476
7 3 3 1.689524 1.739660 1.887627
7 3 4 1.836886 1.672342 1.967333
7 3 5 1.690491 1.724545 1.833584
7 3 6 1.973903 1.918573 1.951716
7 3 7 1.837837 1.716550 1.961516
7 3 8 1.656364 1.713529 1.946512
7 3 9 1.847516 1.946136 1.989769
7 3 10 0.000000 0.000000 0.000000
7 4 0 0.979115 0.993350 0.997531
7 4 1 1.499574 1.498698 1.949031
7 4 2 1.846533 1.918560 1.984678
7 4 3 1.962741 1.994692 1.888482
7 4 4 1.722342 1.983852 1.970811
7 4 5 1.856756 1.970455 1.745349
7 4 6 1.675940 1.976564 1.960904
7 4 7 1.969916 1.976673 1.905324
7 4 8 1.847279 1.727522 1.914328
7 4 9 1.850253 1.842167 1.858003
7 4 10 0.000000 0.000000 0.000000
7 5 0 0.998339 0.993441 0.989642
7 5 1 1.389649 1.444217 1.980045
7 5 2 1.931164 1.921381 1.956580
7 5 3 1.984650 1.858926 1.863806
7 5 4 1.951515 1.832485 1.850201
7 5 5 1.954641 1.710090 1.736332
7 5 6 1.950278 1.730678 1.849707
7 5 7 1.708025 1.669376 1.667417
7 5 8 1.913041 1.668582 1.944375
7 5 9 1.972393 1.844907 1.847999
7 5 10 0.000000 0.000000 0.000000
7 6 0 0.982183 0.956670 0.999379
7 6 1 1.493455 1.475152 1.889896
7 6 2 1.919183 1.851514 1.964701
7 6 3 1.885487 1.917980 1.859426
7 6 4 1.851280 1.959224 1.676622
7 6 5 1.978905 1.661383 1.951744
7 6 6 1.656037 1.948851 1.850707
7 6 7 1.943875 1.959626 1.708992
7 6 8 1.663581 1.916840 1.677855
7 6 9 1.845167 1.840019 1.859420
7 6 10 0.000000 0.000000 0.000000
7 7 0 0.979491 0.992351 0.955529
7 7 1 1.496652 1.389731 1.882090
7 7 2 1.662797 1.743496 1.947866
7 7 3 1.714136 1.850955 1.714870
7 7 4 1.941959 1.934952 1.955721
7 7 5 1.848829 1.712705 1.826703
7 7 6 1.948186 1.923068 1.693685
7 7 7 1.696755 1.695666 1.712683
7 7 8 1.657782 1.670101 1.693532
7 7 9 1.837449 1.836320 1.846087
7 7 10 0.000000 0.000000 0.000000
7 8 0 0.952986 0.955591 0.983004
7 8 1 1.379550 1.491833 1.906604
7 8 2 1.725334 1.658473 1.740583
7 8 3 1.927812 1.702027 1.706123
7 8 4 1.684091 1.732936 1.870385
7 8 5 1.713892 1.713466 1.730410
7 8 6 1.682088 1.822955 1.681839
7 8 7 1.650740 1.827067 1.821763
7 8 8 1.646366 1.664038 1.657287
7 8 9 0.000000 0.000000 0.000000
7 8 10 0.000000 0.000000 0.000000
7 9 0 0.982167 0.995976 0.983412
7 9 1 1.465925 1.380071 1.938182
7 9 2 1.929801 1.823085 1.848797
7 9 3 1.839437 1.869753 1.869884
7 9 4 1.849724 1.843828 1.953449
7 9 5 1.835190 1.850730 1.867985
7 9 6 1.835220 1.844829 1.832337
7 9 7 1.848572 1.847152 1.836571
7 9 8 0.000000 0.000000 0.000000
7 9 9 0.000000 0.000000 0.000000
7 9 10 0.000000 0.000000 0.000000
7 10 0 0.000000 0.000000 0.000000
7 10 1 0.000000 0.000000 0.000000
7 10 2 0.000000 0.000000 0.000000
7 10 3 0.000000 0.000000 0.000000
7 10 4 0.000000 0.000000 0.000000
7 10 5 0.000000 0.000000 0.000000
7 10 6 0.000000 0.000000 0.000000
7 10 7 0.000000 0.000000 0.000000
7 10 8 0.000000 0.000000 0.000000
7 10 9 0.000000 0.000000 0.000000
7 10 10 0.000000 0.000000 0.000000
8 0 0 0.983571 0.999906 0.997664
8 0 1 0.998150 0.997719 0.983567
8 0 2 0.999964 0.956651 0.998737
8 0 3 0.993784 0.993463 0.998528
8 0 4 0.999750 0.997109 0.991924
8 0 5 0.998914 0.995415 0.993366
8 0 6 0.952615 0.993715 0.955270
8 0 7 0.957172 0.983592 0.952614
8 0 8 0.989238 0.952574 0.952574
8 0 9 0.000000 0.000000 0.000000
8 0 10 0.000000 0.000000 0.000000
8 1 0 0.957196 0.996127 0.983781
8 1 1 1.456567 1.481692 1.497861
8 1 2 1.378906 1.940409 1.496962
8 1 3 1.499668 1.967155 1.390867
8 1 4 1.385973 1.976212 1.391393
8 1 5 1.391176 1.943188 1.479809
8 1 6 1.379677 1.988948 1.495388
8 1 7 1.444223 1.863551 1.468374
8 1 8 1.443756 1.942370 1.443664
8 1 9 0.000000 0.000000 0.000000
8 1 10 0.000000 0.000000 0.000000
8 2 0 0.998932 0.953025 0.997510
8 2 1 1.383548 1.389501 1.973309
8 2 2 1.726789 1.847932 1.738477
8 2 3 1.904842 1.928842 1.938299
8 2 4 1.841923 1.886762 1.689022
8 2 5 1.983649 1.688991 1.939971
8 2 6 1.720248 1.675297 1.683290
8 2 7 1.667210 1.851665 1.840462
8 2 8 1.658774 1.907030 1.658533
8 2 9 0.000000 0.000000 0.000000
8 2 10 0.000000 0.000000 0.000000
8 3 0 0.999179 0.995721 0.983801
8 3 1 1.386778 1.454412 1.956288
8 3 2 1.738130 1.974635 1.949294
8 3 3 1.853009 1.982316 1.877461
8 3 4 1.947419 1.980351 1.702597
8 3 5 1.879783 1.964347 1.657310
8 3 6 1.976107 1.681578 1.972348
8 3 7 1.696773 1.979961 1.914318
8 3 8 1.668999 1.914744 1.673473
8 3 9 0.000000 0.000000 0.000000
8 3 10 0.000000 0.000000 0.000000
8 4 0 0.957071 0.999615 0.956653
8 4 1 1.359917 1.482366 1.948237
8 4 2 1.980131 1.972876 1.910076
8 4 3 1.697642 1.960771 1.702995
8 4 4 1.951470 1.956479 1.679277
8 4 5 1.745912 1.850311 1.963059
8 4 6 1.878060 1.962479 1.902932
8 4 7 1.968469 1.704475 1.853344
8 4 8 1.654335 1.696609 1.927904
8 4 9 0.000000 0.000000 0.000000
8 4 10 0.000000 0.000000 0.000000
8 5 0 0.993356 0.998956 0.997169
8 5 1 1.389777 1.475292 1.972910
8 5 2 1.689386 1.969424 1.746480
8 5 3 1.917200 1.735772 1.738795
8 5 4 1.953695 1.823616 1.747981
8 5 5 1.837233 1.709933 1.726820
8 5 6 1.718726 1.841468 1.977117
8 5 7 1.716905 1.698346 1.703788
8 5 8 1.664388 1.930377 1.660880
8 5 9 0.000000 0.000000 0.000000
8 5 10 0.000000 0.000000 0.000000
8 6 0 0.997160 0.983754 0.998997
8 6 1 1.454979 1.482746 1.852797
8 6 2 1.881267 1.662879 1.688230
8 6 3 1.973132 1.964374 1.723257
8 6 4 1.938892 1.681299 1.902937
8 6 5 1.719861 1.933218 1.694172
8 6 6 1.836039 1.654812 1.901048
8 6 7 1.693329 1.845822 1.839968
8 6 8 1.913584 1.640776 1.739025
8 6 9 0.000000 0.000000 0.000000
8 6 10 0.000000 0.000000 0.000000
8 7 0 0.994893 0.981723 0.957169
8 7 1 1.475891 1.372396 1.948403
8 7 2 1.967200 1.659366 1.904317
8 7 3 1.735546 1.847185 1.859360
8 7 4 1.961256 1.828022 1.941047
8 7 5 1.672253 1.664632 1.687599
8 7 6 1.716451 1.834953 1.839126
8 7 7 1.712020 1.643614 1.649698
8 7 8 1.652784 1.644563 1.660769
8 7 9 0.000000 0.000000 0.000000
8 7 10 0.000000 0.000000 0.000000
8 8 0 0.952574 0.989234 0.956286
8 8 1 1.451002 1.486594 1.915827
8 8 2 1.662027 1.899730 1.657167
8 8 3 1.912107 1.718036 1.709074
8 8 4 1.671624 1.668396 1.902567
8 8 5 1.655309 1.727676 1.903281
8 8 6 1.717764 1.665052 1.680644
8 8 7 1.655547 1.653480 1.647021
8 8 8 1.655080 1.655274 1.654102
8 8 9 0.000000 0.000000 0.000000
8 8 10 0.000000 0.000000 0.000000
8 9 0 0.000000 0.000000 0.000000
8 9 1 0.000000 0.000000 0.000000
8 9 2 0.000000 0.000000 0.000000
8 9 3 0.000000 0.000000 0.000000
8 9 4 0.000000 0.000000 0.000000
8 9 5 0.000000 0.000000 0.000000
8 9 6 0.000000 0.000000 0.000000
8 9 7 0.000000 0.000000 0.000000
8 9 8 0.000000 0.000000 0.000000
8 9 9 0.000000 0.000000 0.000000
8 9 10 0.000000 0.000000 0.000000
8 10 0 0.000000 0.000000 0.000000
8 10 1 0.000000 0.000000 0.000000
8 10 2 0.000000 0.000000 0.000000
8 10 3 0.000000 0.000000 0.000000
8 10 4 0.000000 0.000000 0.000000
8 10 5 0.000000 0.000000 0.000000
8 10 6 0.000000 0.000000 0.000000
8 10 7 0.000000 0.000000 0.000000
8 10 8 0.000000 0.000000 0.000000
8 10 9 0.000000 0.000000 0.000000
8 10 10 0.000000 0.000000 0.000000
9 0 0 0.999227 0.989705 0.983487
9 0 1 0.993689 0.953025 0.957290
9 0 2 0.999806 0.956700 0.993865
9 0 3 0.989539 0.956702 0.979480
9 0 4 0.997486 0.957025 0.996744
9 0 5 0.982736 0.982186 0.955515
9 0 6 0.982736 0.982772 0.955633
9 0 7 0.982015 0.982153 0.982014
9 0 8 0.000000 0.000000 0.000000
9 0 9 0.000000 0.000000 0.000000
9 0 10 0.000000 0.000000 0.000000
9 1 0 0.956883 0.983588 0.957279
9 1 1 1.492489 1.485915 1.483095
9 1 2 1.480252 1.850675 1.491219
9 1 3 1.390563 1.903187 1.483424
9 1 4 1.455816 1.972081 1.498335
9 1 5 1.455176 1.939231 1.390628
9 1 6 1.443690 1.872354 1.373390
9 1 7 1.385579 1.851434 1.373586
9 1 8 0.000000 0.000000 0.000000
9 1 9 0.000000 0.000000 0.000000
9 1 10 0.000000 0.000000 0.000000
9 2 0 0.996095 0.955491 0.997721
9 2 1 1.455232 1.388027 1.983014
9 2 2 1.636301 1.919030 1.973889
9 2 3 1.904882 1.986825 1.981991
9 2 4 1.987731 1.962603 1.917480
9 2 5 1.969064 1.921482 1.990880
9 2 6 1.850837 1.931425 1.818204
9 2 7 1.819333 1.866656 1.851399
9 2 8 0.000000 0.000000 0.000000
9 2 9 0.000000 0.000000 0.000000
9 2 10 0.000000 0.000000 0.000000
9 3 0 0.953022 0.952988 0.955632
9 3 1 1.492185 1.498344 1.967261
9 3 2 1.883831 1.867252 1.922498
9 3 3 1.985925 1.980732 1.935703
9 3 4 1.885898 1.937228 1.974781
9 3 5 1.855347 1.920612 1.975255
9 3 6 1.985993 1.932699 1.846679
9 3 7 1.846517 1.841124 1.833135
9 3 8 0.000000 0.000000 0.000000
9 3 9 0.000000 0.000000 0.000000
9 3 10 0.000000 0.000000 0.000000
9 4 0 0.997674 0.955224 0.952578
9 4 1 1.388024 1.482884 1.870474
9 4 2 1.967263 1.933442 1.872033
9 4 3 1.975500 1.989032 1.971260
9 4 4 1.875366 1.938209 1.929346
9 4 5 1.879536 1.938976 1.927778
9 4 6 1.885698 1.940296 1.970351
9 4 7 1.857769 1.867645 1.833421
9 4 8 0.000000 0.000000 0.000000
9 4 9 0.000000 0.000000 0.000000
9 4 10 0.000000 0.000000 0.000000
9 5 0 0.997000 0.979380 0.995684
9 5 1 1.440289 1.455837 1.980966
9 5 2 1.903896 1.867791 1.987426
9 5 3 1.946031 1.973074 1.876160
9 5 4 1.977159 1.850886 1.874594
9 5 5 1.851345 1.852191 1.937294
9 5 6 1.869975 1.858713 1.924538
9 5 7 1.966522 1.951207 1.843760
9 5 8 0.000000 0.000000 0.000000
9 5 9 0.000000 0.000000 0.000000
9 5 10 0.000000 0.000000 0.000000
9 6 0 0.991883 0.952971 0.993035
9 6 1 1.486616 1.492568 1.975986
9 6 2 1.858947 1.855265 1.964692
9 6 3 1.969079 1.920887 1.968209
9 6 4 1.867445 1.846737 1.863215
9 6 5 1.970391 1.841056 1.858254
9 6 6 1.935560 1.914853 1.869325
9 6 7 1.843154 1.836025 1.843481
9 6 8 0.000000 0.000000 0.000000
9 6 9 0.000000 0.000000 0.000000
9 6 10 0.000000 0.000000 0.000000
9 7 0 0.996135 0.982015 0.982154
9 7 1 1.377117 1.359186 1.861936
9 7 2 1.854891 1.834265 1.965835
9 7 3 1.876345 1.830447 1.851610
9 7 4 1.848255 1.839002 1.847736
9 7 5 1.968994 1.835105 1.845439
9 7 6 1.848979 1.832863 1.841930
9 7 7 1.848217 1.845826 1.846555
9 7 8 0.000000 0.000000 0.000000
9 7 9 0.000000 0.000000 0.000000
9 7 10 0.000000 0.000000 0.000000
9 8 0 0.000000 0.000000 0.000000
9 8 1 0.000000 0.000000 0.000000
9 8 2 0.000000 0.000000 0.000000
9 8 3 0.000000 0.000000 0.000000
9 8 4 0.000000 0.000000 0.000000
9 8 5 0.000000 0.000000 0.000000
9 8 6 0.000000 0.000000 0.000000
9 8 7 0.000000 0.000000 0.000000
9 8 8 0.000000 0.000000 0.000000
9 8 9 0.000000 0.000000 0.000000
9 8 10 0.000000 0.000000 0.000000
9 9 0 0.000000 0.000000 0.000000
9 9 1 0.000000 0.000000 0.000000
9 9 2 0.000000 0.000000 0.000000
9 9 3 0.000000 0.000000 0.000000
9 9 4 0.000000 0.000000 0.000000
9 9 5 0.000000 0.000000 0.000000
9 9 6 0.000000 0.000000 0.000000
9 9 7 0.000000 0.000000 0.000000
9 9 8 0.000000 0.000000 0.000000
9 9 9 0.000000 0.000000 0.000000
9 9 10 0.000000 0.000000 0.000000
9 10 0 0.000000 0.000000 0.000000
9 10 1 0.000000 0.000000 0.000000
9 10 2 0.000000 0.000000 0.000000
9 10 3 0.000000 0.000000 0.000000
9 10 4 0.000000 0.000000 0.000000
9 10 5 0.000000 0.000000 0.000000
9 10 6 0.000000 0.000000 0.000000
9 10 7 0.000000 0.000000 0.000000
9 10 8 0.000000 0.000000 0.000000
9 10 9 0.000000 0.000000 0.000000
9 10 10 0.000000 0.000000 0.000000
10 0 0 0.000000 0.000000 0.000000
10 0 1 0.000000 0.000000 0.000000
10 0 2 0.000000 0.000000 0.000000
10 0 3 0.000000 0.000000 0.000000
10 0 4 0.000000 0.000000 0.000000
10 0 5 0.000000 0.000000 0.000000
10 0 6 0.000000 0.000000 0.000000
10 0 7 0.000000 0.000000 0.000000
10 0 8 0.000000 0.000000 0.000000
10 0 9 0.000000 0.000000 0.000000
10 0 10 0.000000 0.000000 0.000000
10 1 0 0.000000 0.000000 0.000000
10 1 1 0.000000 0.000000 0.000000
10 1 2 0.000000 0.000000 0.000000
10 1 3 0.000000 0.000000 0.000000
10 1 4 0.000000 0.000000 0.000000
10 1 5 0.000000 0.000000 0.000000
10 1 6 0.000000 0.000000 0.000000
10 1 7 0.000000 0.000000 0.000000
10 1 8 0.000000 0.000000 0.000000
10 1 9 0.000000 0.000000 0.000000
10 1 10 0.000000 0.000000 0.000000
10 2 0 0.000000 0.000000 0.000000
10 2 1 0.000000 0.000000 0.000000
10 2 2 0.000000 0.000000 0.000000
10 2 3 0.000000 0.000000 0.000000
10 2 4 0.000000 0.000000 0.000000
10 2 5 0.000000 0.000000 0.000000
10 2 6 0.000000 0.000000 0.000000
10 2 7 0.000000 0.000000 0.000000
10 2 8 0.000000 0.000000 0.000000
10 2 9 0.000000 0.000000 0.000000
10 2 10 0.000000 0.000000 0.000000
10 3 0 0.000000 0.000000 0.000000
10 3 1 0.000000 0.000000 0.000000
10 3 2 0.000000 0.000000 0.000000
10 3 3 0.000000 0.000000 0.000000
10 3 4 0.000000 0.000000 0.000000
10 3 5 0.000000 0.000000 0.000000
10 3 6 0.000000 0.000000 0.000000
10 3 7 0.000000 0.000000 0.000000
10 3 8 0.000000 0.000000 0.000000
10 3 9 0.000000 0.000000 0.000000
10 3 10 0.000000 0.000000 0.000000
10 4 0 0.000000 0.000000 0.000000
10 4 1 0.000000 0.000000 0.000000
10 4 2 0.000000 0.000000 0.000000
10 4 3 0.000000 0.000000 0.000000
10 4 4 0.000000 0.000000 0.000000
10 4 5 0.000000 0.000000 0.000000
10 4 6 0.000000 0.000000 0.000000
10 4 7 0.000000 0.000000 0.000000
10 4 8 0.000000 0.000000 0.000000
10 4 9 0.000000 0.000000 0.000000
10 4 10 0.000000 0.000000 0.000000
10 5 0 0.000000 0.000000 0.000000
10 5 1 0.000000 0.000000 0.000000
10 5 2 0.000000 0.000000 0.000000
10 5 3 0.000000 0.000000 0.000000
10 5 4 0.000000 0.000000 0.000000
10 5 5 0.000000 0.000000 0.000000
10 5 6 0.000000 0.000000 0.000000
10 5 7 0.000000 0.000000 0.000000
10 5 8 0.000000 0.000000 0.000000
10 5 9 0.000000 0.000000 0.000000
10 5 10 0.000000 0.000000 0.000000
10 6 0 0.000000 0.000000 0.000000
10 6 1 0.000000 0.000000 0.000000
10 6 2 0.000000 0.000000 0.000000
10 6 3 0.000000 0.000000 0.000000
10 6 4 0.000000 0.000000 0.000000
10 6 5 0.000000 0.000000 0.000000
10 6 6 0.000000 0.000000 0.000000
10 6 7 0.000000 0.000000 0.000000
10 6 8 0.000000 0.000000 0.000000
10 6 9 0.000000 0.000000 0.000000
10 6 10 0.000000 0.000000 0.000000
10 7 0 0.000000 0.000000 0.000000
10 7 1 0.000000 0.000000 0.000000
10 7 2 0.000000 0.000000 0.000000
10 7 3 0.000000 0.000000 0.000000
10 7 4 0.000000 0.000000 0.000000
10 7 5 0.000000 0.000000 0.000000
10 7 6 0.000000 0.000000 0.000000
10 7 7 0.000000 0.000000 0.000000
10 7 8 0.000000 0.000000 0.000000
10 7 9 0.000000 0.000000 0.000000
10 7 10 0.000000 0.000000 0.000000
10 8 0 0.000000 0.000000 0.000000
10 8 1 0.000000 0.000000 0.000000
10 8 2 0.000000 0.000000 0.000000
10 8 3 0.000000 0.000000 0.000000
10 8 4 0.000000 0.000000 0.000000
10 8 5 0.000000 0.000000 0.000000
10 8 6 0.000000 0.000000 0.000000
10 8 7 0.000000 0.000000 0.000000
10 8 8 0.000000 0.000000 0.000000
10 8 9 0.000000 0.000000 0.000000
10 8 10 0.000000 0.000000 0.000000
10 9 0 0.000000 0.000000 0.000000
10 9 1 0.000000 0.000000 0.000000
10 9 2 0.000000 0.000000 0.000000
10 9 3 0.000000 0.000000 0.000000
10 9 4 0.000000 0.000000 0.000000
10 9 5 0.000000 0.000000 0.000000
10 9 6 0.000000 0.000000 0.000000
10 9 7 0.000000 0.000000 0.000000
10 9 8 0.000000 0.000000 0.000000
10 9 9 0.000000 0.000000 0.000000
10 9 10 0.000000 0.000000 0.000000
10 10 0 0.000000 0.000000 0.000000
10 10 1 0.000000 0.000000 0.000000
10 10 2 0.000000 0.000000 0.000000
10 10 3 0.000000 0.000000 0.000000
10 10 4 0.000000 0.000000 0.000000
10 10 5 0.000000 0.000000 0.000000
10 10 6 0.000000 0.000000 0.000000
10 10 7 0.000000 0.000000 0.000000
10 10 8 0.000000 0.000000 0.000000
10 10 9 0.000000 0.000000 0.000000
10 10 10 0.000000 0.000000 0.000000
